/*
* Szescian zdefiniowany przez 12 trojkatnych plaszczyzn.
* Kazdy wiersz w pliku to jedna plaszczyzna.
* Trzy punkty po trzy wspolrzedne:
* x1;y1;z1;     x2;y2;z2;   x3;y3;z3;
*/
-20;40;20;      20;40;20;   20;0;20;
-20;40;20;      20;0;20;    -20;0;20;

-20;40;-20;     20;40;-20;  20;0;-20;
-20;40;-20;     20;0;-20;   -20;0;-20;

20;40;20;       20;40;-20;  20;0;-20;
20;40;20;       20;0;-20;   20;0;20;

-20;40;20;      -20;40;-20; -20;0;-20;
-20;40;20;      -20;0;-20;  -20;0;20;

-20;40;-20;     20;40;-20;  20;40;20;
-20;40;-20;     20;40;20;   -20;40;20

-20;0;-20;      20;0;-20;   20;0;20;
-20;0;-20;      20;0;20;    -20;0;20;